site id 23(17) to 32(20)
bf 13 97 74 17 00 08 10 08 00 00 00 00 00 20 00 b9 ef 
sampling rate 20Mhz(14) Minimum Phase
bf 13 97 74 00 00 04 10 04 00 03 08 f5 e7
sampling rate 50Mhz(32) Minimum Phase
bf 13 97 74 00 00 04 10 04 00 04 08 f4 e7 
sampling rate 20Mhz Linear Phase
bf 13 97 74 00 00 04 10 04 00 03 04 f5 eb 
sampling rate 50Mhz Linear Phase
bf 13 97 74 00 00 04 10 04 00 04 04 f4 eb 


bf 13 97 74 00 00 04 10 04 00 01 08 f7 e7	1
bf 13 97 74 00 00 04 10 04 00 02 08 f6 e7 	10
bf 13 97 74 00 00 04 10 04 00 03 08 f5 e7 	20
bf 13 97 74 00 00 04 10 04 00 04 08 f4 e7 	50
bf 13 97 74 00 00 04 10 04 00 05 08 f3 e7 	100
bf 13 97 74 00 00 04 10 04 00 06 08 f2 e7 	125
bf 13 97 74 00 00 04 10 04 00 07 08 f1 e7 	200
bf 13 97 74 00 00 04 10 04 00 08 08 f0 e7 	500

bf 13 97 74 00 00 04 10 04 00 01 04 f7 eb 
bf 13 97 74 00 00 04 10 04 00 02 04 f6 eb 
bf 13 97 74 00 00 04 10 04 00 03 04 f5 e7 
bf 13 97 74 00 00 04 10 04 00 04 04 f4 e7 
bf 13 97 74 00 00 04 10 04 00 05 04 f3 e7 
bf 13 97 74 00 00 04 10 04 00 06 04 f2 e7 
bf 13 97 74 00 00 04 10 04 00 07 04 f1 e7 
bf 13 97 74 00 00 04 10 04 00 08 04 f0 e7 
